4.689967082562505E44 
3.0838269862220374E28 
1.0493552454218645E44 
-1.840213232756965E26 
1.92202258869202E43 
2.512920413807799E44 
7.5373293407132065E40 
3.1032849803816015E44 
2.099928374110049E44 
3.0198114494832074E44 

-0.47005956954682704 
-2.1660943054421294E7 
-402264.0048427941 
-6.432104717593644E7 
-2.1338017889870152E7 
-5943481.918102651 
-7943200.889576415 
-61844.42001229818 
-188786.10157743812 
-224474.6416123663 

-0.8599646801431723 
271681.49151618476 
550904.8712069335 
184994.23030302525 
-0.07671452353186109 
32315.624460966545 
819472.9444399332 
310530.092771857 
-0.5386427740031634 
402854.1398114916 

3.5796041858690586 
3.1662790599002295 
-0.8590819601198565 
7.714176178071042 
0.6791977842657867 
0.0046313216366227605 
-0.3667237228822353 
-0.8823862767557058 
-1.149872268897435 
2.6182220947572397 

21.595992407420706 

