1.8248514741346867E89 
-1.3256539657370622E22 
3.753866280699426E88 
1.0545453977164132E89 
3.471045419113633E126 
3.2380950092745355E87 
1.4387564056393847E78 
1.92697479749704E83 
5.164633334132051E88 
1.8899541320812884E88 

-4.895527698222989E7 
-0.5629999507435506 
-5.7968594915966298E17 
-5.301970439631822E7 
-0.29501327029359237 
-5.608868023204785E21 
-4.5846303704447322E17 
-0.46546910808975017 
-2.882034122505835E40 
-0.09819275792130178 

1.6625969692043137E7 
-0.7905443854385624 
-0.6392670162049132 
947676.5798367356 
-467982.70528691076 
-0.21319005004181918 
-4061659.4119434804 
-0.14964917062338157 
6207462.565857749 
870207.5729756684 

1.4686612096468343 
-0.2278435456031455 
-0.3082729795503394 
-0.8842491585255519 
0.4611957801661949 
0.5160296082521784 
-1.3592751934972214 
6.409436167761563 
-0.08124568402421564 
0.2819890124935372 

19.696521018754577 

